iter      cost      cost_change  |gradient|   |step|    tr_ratio  tr_radius  ls_iter  iter_time  total_time
   0  3.912074e+00    0.00e+00    3.80e+00   0.00e+00   0.00e+00  1.00e+04        0    1.57e-02    1.67e-02
   1  2.086072e+00    1.83e+00    5.63e-01   1.56e+00   5.25e-01  1.00e+04        1    1.98e-02    3.75e-02
   2  1.303751e+01   -1.10e+01    5.63e-01   3.02e+00  -1.22e+01  5.00e+03        1    8.27e-04    3.92e-02
   3  1.304954e+01   -1.10e+01    5.63e-01   3.02e+00  -1.22e+01  1.25e+03        1    1.49e-03    4.11e-02
   4  1.312225e+01   -1.10e+01    5.63e-01   3.02e+00  -1.23e+01  1.56e+02        1    1.99e-03    4.39e-02
   5  1.385087e+01   -1.18e+01    5.63e-01   3.00e+00  -1.31e+01  9.77e+00        1    7.04e-04    4.48e-02
   6  4.544447e+01   -4.34e+01    5.63e-01   2.71e+00  -4.86e+01  3.05e-01        1    6.33e-04    4.58e-02
   7  1.577471e+00    5.09e-01    1.08e+00   6.47e-01   1.46e+00  9.16e-01        1    7.81e-03    5.38e-02
   8  3.844275e-01    1.19e+00    1.74e+00   7.97e-01   1.80e+00  2.75e+00        1    8.02e-03    6.22e-02
   9  6.780191e-02    3.17e-01    2.83e-01   2.52e-01   1.14e+00  8.24e+00        1    8.94e-03    7.14e-02
  10  6.502935e-02    2.77e-03    1.95e-02   1.80e-02   9.82e-01  2.47e+01        1    7.65e-03    7.94e-02
Ceres Solver Report: Iterations: 11, Initial cost: 3.912074e+00, Final cost: 6.502935e-02, Termination: NO_CONVERGENCE
Initial mu: 0   sigma: 1
Final mu: 1.57729       sigma: 0.605089
请按任意键继续. . .