   0  1.032697e+09    0.00e+00    3.25e+06   0.00e+00   0.00e+00  1.00e+04        0    2.63e-01    6.15e-01
   1  1.030287e+08    9.30e+08    4.25e+05   1.42e+03   9.01e-01  2.06e+04        1    3.86e-01    1.00e+00
   2  8.710281e+06    9.43e+07    1.19e+05   4.63e+02   9.17e-01  4.91e+04        1    6.23e-03    1.01e+00
   3  2.001995e+06    6.71e+06    7.31e+04   1.38e+02   7.99e-01  6.25e+04        1    7.00e-03    1.02e+00
   4  8.204158e+05    1.18e+06    6.73e+04   6.57e+01   6.59e-01  6.46e+04        1    6.07e-03    1.02e+00
   5  7.365338e+05    8.39e+04    4.26e+04   2.95e+01   2.57e-01  5.80e+04        1    6.98e-03    1.03e+00
   6  8.895648e+05   -1.53e+05    4.26e+04   3.59e+01  -5.33e-01  2.90e+04        1    6.76e-04    1.03e+00
   7  8.895452e+05   -1.53e+05    4.26e+04   3.59e+01  -5.33e-01  7.25e+03        1    6.59e-04    1.03e+00
   8  8.894276e+05   -1.53e+05    4.26e+04   3.59e+01  -5.32e-01  9.06e+02        1    6.06e-04    1.03e+00
   9  8.883327e+05   -1.52e+05    4.26e+04   3.58e+01  -5.28e-01  5.66e+01        1    6.06e-04    1.03e+00
  10  8.703439e+05   -1.34e+05    4.26e+04   3.50e+01  -4.66e-01  1.77e+00        1    6.40e-04    1.03e+00
  11  6.486699e+05    8.79e+04    2.21e+04   2.05e+01   3.65e-01  1.73e+00        1    5.93e-03    1.04e+00
  12  6.316326e+05    1.70e+04    1.34e+04   1.14e+01   2.43e-01  1.53e+00        1    6.21e-03    1.05e+00
  13  6.235019e+05    8.13e+03    8.46e+03   7.33e+00   2.68e-01  1.39e+00        1    6.00e-03    1.05e+00
  14  6.201832e+05    3.32e+03    5.00e+03   4.17e+00   3.11e-01  1.32e+00        1    7.36e-03    1.06e+00
  15  6.191998e+05    9.83e+02    2.90e+03   2.11e+00   3.30e-01  1.27e+00        1    6.34e-03    1.07e+00
  16  6.189449e+05    2.55e+02    1.58e+03   9.96e-01   3.45e-01  1.23e+00        1    6.68e-03    1.07e+00
  17  6.188854e+05    5.95e+01    8.47e+02   4.43e-01   3.54e-01  1.20e+00        1    6.36e-03    1.08e+00
  18  6.188723e+05    1.31e+01    4.34e+02   1.88e-01   3.60e-01  1.18e+00        1    6.27e-03    1.09e+00
  19  6.188695e+05    2.80e+00    2.17e+02   7.66e-02   3.64e-01  1.15e+00        1    6.11e-03    1.09e+00
Ceres Solver Report: Iterations: 20, Initial cost: 1.032697e+09, Final cost: 6.188695e+05, Termination: CONVERGENCE
Initial angle: 0        tx: 0   ty: 0
Final angle: 245.237    tx: 1247.89     ty: 508.004
请按任意键继续. . .